acc: 0.9752321839332581
Acc: 0.9752321981424149
f1_score: [0.96629213 0.97902098 0.98086124]
precision: [0.98623853 0.96774194 0.97156398]
recall: [0.94713656 0.99056604 0.99033816]